0.36362
0.4641000000095367
0.5010799999809266
0.5198800000095367
0.5362600000190735
0.5482200000190735
0.5589599999809265
0.5680400000381469
0.578640000038147
0.5869199999618531
0.5900199999618531
0.5976799999809265
0.6026999999809265
0.606479999961853
0.6096000000190734
0.614100000038147
0.618499999961853
0.624600000038147
0.627600000038147
0.629179999961853
0.6339
0.63568
0.6385799999809265
0.6381599999809265
0.645560000038147
0.6448
0.64722
0.6483799999809265
0.650700000038147
0.6524200000381469
0.6549799999809265
0.656879999961853
0.658660000038147
0.6599599999809265
0.661599999961853
0.6637399999618531
0.6645200000381469
0.6671200000190735
0.668460000038147
0.6679599999809265
0.670759999961853
0.67204
0.672459999961853
0.67638
0.676679999961853
0.676359999961853
0.6776
0.6787599999809265
0.6805
0.6812600000190735
